---
docs/images/logo-8a7b4ec9.png: 2021-01-04 20:11:17.464341567 +01:00
docs/images/bottom-32365451.png: 2021-01-04 20:11:31.282139415 +01:00
