---
build/images/logo-8a7b4ec9.png: 2021-01-04 20:00:39.761499982 +01:00
build/images/bottom-32365451.png: 2021-01-04 20:00:53.509237613 +01:00
